2222700112049 28113817007981
2222700112067 28113817007989
2222700112099 28113817008019
2222700112147 28113817008029
2222700112159 28113817008059
2222700112187 28113817008097
2222700112207 28113817008149
2222700112223 28113817008157
2222700112279 28113817008197
2222700112331 28113817008217
2222700112411 28113817008223
2222700112469 28113817008241
2222700112471 28113817008311
2222700112487 28113817008331
2222700112489 28113817008397
2222700112519 28113817008421
2222700112541 28113817008457
2222700112553 28113817008469
2222700112559 28113817008481
2222700112571 28113817008499
2222700112573 28113817008503
2222700112609 28113817008517
2222700112679 28113817008521
2222700112681 28113817008553
2222700112687 28113817008587
2222700112693 28113817008649
2222700112739 28113817008659
2222700112883 28113817008661
2222700112907 28113817008671
2222700113009 28113817008701
2222700113059 28113817008703
2222700113087 28113817008709
2222700113191 28113817008731
2222700113197 28113817008743
2222700113219 28113817008821
2222700113233 28113817008833
2222700113269 28113817008881
2222700113323 28113817008913
2222700113377 28113817008929
2222700113383 28113817008943
2222700113399 28113817008967
2222700113401 28113817009009
2222700113411 28113817009081
2222700113419 28113817009127
2222700113503 28113817009147
2222700113527 28113817009181
2222700113573 28113817009259
2222700113581 28113817009261
2222700113651 28113817009283
2222700113659 28113817009321
2222700113783 28113817009349
2222700113791 28113817009361
2222700113797 28113817009381
2222700113807 28113817009391
2222700113833 28113817009433
2222700113849 28113817009501
2222700113867 28113817009547
2222700113869 28113817009549
2222700113911 28113817009589
2222700113917 28113817009601
2222700113929 28113817009639
2222700113983 28113817009643
2222700114149 28113817009687
2222700114329 28113817009697
2222700114377 28113817009703
2222700114403 28113817009717
2222700114493 28113817009783
2222700114539 28113817009813
2222700114611 28113817009847
2222700114623 28113817009867
2222700114709 28113817009921
2222700114737 28113817009933
2222700114757 28113817009997
2222700114799 28113817010099
2222700114827 28113817010119
2222700114829 28113817010171
2222700114839 28113817010197
2222700114841 28113817010219
2222700114853 28113817010239
2222700114871 28113817010263
2222700114881 28113817010341
2222700114893 28113817010353
2222700114919 28113817010467
2222700114949 28113817010471
2222700114953 28113817010473
2222700114967 28113817010497
2222700114989 28113817010507
2222700115003 28113817010527
2222700115019 28113817010537
2222700115063 28113817010561
2222700115079 28113817010659
2222700115087 28113817010681
2222700115109 28113817010693
2222700115123 28113817010707
2222700115147 28113817010801
2222700115177 28113817010803
2222700115193 28113817010827
2222700115199 28113817010831
2222700115213 28113817010863
2222700115277 28113817010921
